-0.00553178
-0.00416185
0.00697398
0.0111026
0.0131464
0.0152428
0.0435635
0.0654269
0.0704704
0.0670931
0.069341
0.0977629
0.100495
0.0728737
0.101078
0.0956553
0.0741913
0.0710941
0.0685139
0.0717312
0.042761
0.0423451
0.0408435
0.0131159
0.00887995
0.0064254
0.00547974
0.00514232
-0.00767803
-0.00966154
-0.0121936
-0.011092
-0.0142384
-0.0443571
-0.0406825
-0.0095389
-0.0113195
-0.0105865
-0.0125505
-0.0406423
-0.0170709
-0.0140194
-0.0404137
-0.0162479
-0.0137893
-0.0140333
-0.00992687
-0.0153241
-0.0124935
-0.0112928
-0.0108463
-0.0118863
-0.0128137
-0.0111426
-0.0119284
