1.40574
1.62948
1.71105
2.45091
2.55534
1.68221
2.39458
2.67604
2.68471
2.69402
2.75648
2.77346
2.7867
2.79415
2.80073
2.76907
3.1958
2.72286
2.68553
2.64851
2.60222
2.54981
2.4961
2.45454
2.41506
2.39002
2.38967
2.32544
1.71947
0.732747
2.30122
2.27815
0.692144
0.692601
0.651699
0.596088
0.630699
0.641938
0.598988
0.471448
-0.191463
-0.26009
-0.376954
-0.537795
-0.617024
-0.679674
-0.774515
-0.773872
-0.808376
-2.27406
-2.2585
-0.741077
-0.710796
-0.703569
-0.717543
-1.65558
-0.677322
-0.699249
-0.778418
-2.35959
-2.45376
-2.51501
-2.50242
-2.47546
-2.51397
-2.68672
-3.44493
-3.44585
-3.43112
-3.47313
-3.45222
-3.45778
-3.4394
-3.41074
-3.38456
-3.30626
-3.24967
-3.19111
-2.5994
-2.39978
-1.62301
-1.56787
-1.50386
-0.926964
-0.868931
-0.868578
-0.808493
-0.822275
-0.785782
-0.764582
-0.726108
-0.703094
-0.679305
-0.625541
-0.605631
-0.562468
-0.528852
-0.450891
-0.387573
-0.351417
-0.309701
-0.266564
-0.110795
0.556231
0.509583
0.431664
1.43503
1.44316
1.45073
1.46716
1.50576
1.2974
1.34542
