-2.48863
-2.36215
-2.22267
-1.55281
-0.938043
-2.28433
-1.71057
-1.47693
-0.860964
-0.833504
-0.786608
-0.797898
-0.803133
-0.80183
-0.813082
-0.719665
-0.732433
-0.807957
-0.839121
-0.8615
-0.862442
-0.867794
-0.847962
-0.842119
-0.829496
-0.794835
-0.758567
-0.731818
-0.750614
-1.68179
-0.677468
-0.685356
-1.71172
-1.66996
-1.61639
-1.56427
-1.4873
-1.50272
-1.53645
-1.65886
-1.70854
-2.24599
-2.40223
-2.46235
-2.52448
-2.684
-3.17436
-2.7059
-2.67706
-2.68988
-2.53611
-2.49809
-2.46695
-2.39042
-2.46376
-3.43275
-2.52061
-2.53706
-2.58051
-2.89478
-2.94267
-2.95478
-2.85671
-2.71653
-2.76167
-2.56626
-3.16784
-3.23566
-3.30477
-3.34234
-3.34636
-3.37187
-3.40277
-3.47129
-4.26601
-3.5762
-3.61522
-3.68073
-3.70961
-3.67895
-3.70337
-3.69071
-3.68878
-3.6265
-5.45145
-5.50957
-6.38353
-5.52803
-5.55725
-5.58201
-5.54517
-5.55852
-5.55193
-5.50788
-5.49418
-5.48867
-5.49962
-5.38915
-5.40085
-5.43647
-5.39199
-5.31994
-4.73808
-4.58412
-4.56033
-4.56955
-3.57389
-3.50914
-3.42224
-2.85508
-2.70094
-2.73369
-2.56373
