1.32806
1.43281
1.6404
1.73706
2.45302
2.57697
1.66927
1.79262
2.61184
2.70109
2.68932
2.70385
2.73984
2.75799
2.76804
2.74501
2.76206
2.70594
2.69283
2.66476
2.63738
2.58845
2.53441
2.49116
2.44546
2.41247
2.41147
2.37288
2.29114
0.711719
0.708472
2.3228
2.28922
0.739571
0.722942
0.674922
0.654019
0.658358
0.683477
0.624001
0.562594
0.379108
-0.293337
-0.443782
-0.524347
-0.599964
-0.70609
-0.752336
-0.807741
-0.768154
-1.55945
-1.56978
-0.72555
-0.708842
-0.700364
-0.726129
-0.738868
-0.753484
-0.772843
-0.793792
-2.47148
-3.28735
-3.30409
-3.2347
-3.30931
-3.32061
-3.36053
-3.44653
-3.47184
-3.46363
-3.4181
-3.4014
-3.37885
-3.41383
-3.41994
-3.37455
-3.33774
-3.28127
-2.73373
-2.67239
-2.6161
-2.57748
-2.49312
-2.3659
-1.59565
-1.55215
-1.519
-1.0221
-1.00859
-0.959471
-0.949002
-0.901577
-0.853503
-0.82777
-0.807316
-0.783705
-0.77144
-0.752983
-0.479674
-0.599175
-0.518097
-0.45096
-0.396789
-0.395998
-0.309039
-0.279087
-0.239077
-0.244572
-0.209695
1.38504
1.40022
1.43397
1.44774
0.719763
1.2719
1.28776
1.3115
