-2.85566
-2.61882
-2.47802
-2.3285
-1.69599
-1.49458
-2.39102
-2.28278
-1.5822
-1.47818
-0.886861
-0.863524
-0.87807
-0.872174
-0.882202
-0.862509
-0.695816
-0.759089
-0.79438
-0.823119
-0.843396
-0.861478
-0.87821
-0.856363
-0.836833
-0.822589
-0.781349
-0.752171
-0.750782
-1.74209
-1.70314
-0.67539
-0.67258
-1.70148
-1.6782
-1.63661
-1.53654
-1.52041
-1.52612
-1.56868
-1.64444
-1.76882
-2.31381
-2.43087
-2.4932
-2.54563
-3.17874
-3.1832
-3.23978
-2.71083
-2.71888
-2.67635
-2.55758
-2.56169
-2.53489
-2.59215
-2.60598
-2.61754
-2.65008
-2.69364
-3.49672
-3.43365
-3.4472
-3.4227
-3.44627
-3.42843
-3.47034
-3.34066
-3.50061
-3.52098
-3.52659
-3.54814
-3.56847
-3.59263
-3.61292
-3.74749
-3.7294
-3.77135
-4.30089
-4.36105
-4.39611
-4.36894
-4.33675
-4.33574
-4.35065
-4.35529
-4.37279
-5.46345
-5.48643
-5.50886
-5.54695
-5.5827
-6.40195
-6.43061
-6.44556
-6.49049
-7.46879
-8.34967
-5.47453
-5.49395
-5.49817
-5.61415
-5.67811
-5.69945
-5.55506
-5.46152
-5.38511
-5.35467
-5.29465
-3.74828
-3.74081
-3.67983
-3.62182
-3.6543
-3.50896
-3.36898
-2.86474
