0.0067457
0.00661338
0.00481654
0.00461977
0.00424064
0.00398847
0.00378576
0.00396829
0.00402935
0.00425662
0.0044144
0.00462321
0.0046867
0.00441767
0.00372928
0.00295198
0.00243926
-0.00142172
-0.00168266
-0.00202312
-0.0021957
-0.00271416
-0.00353963
-0.00423203
-0.0047703
-0.00502422
-0.00528289
-0.00531045
-0.00518239
-0.00510857
-0.00537388
-0.00557649
-0.00615962
-0.00643722
-0.00670294
-0.00673175
-0.00674887
-0.00686934
-0.00675948
-0.00628507
-0.00578503
-0.00592727
-0.0056852
-0.00557154
-0.00528451
-0.00505299
-0.00491805
-0.00460224
-0.00436126
-0.00401263
-0.00360611
-0.00331223
0.00290454
0.00332575
0.00345792
0.00335411
0.00334355
0.00345496
0.00353025
0.00312539
-0.00358453
-0.00432245
-0.00510218
-0.00543847
-0.005049
-0.00416122
-0.0032115
0.00208042
0.0020038
0.0020519
0.0022638
0.00237387
0.0023763
0.00221147
0.00184799
-0.001881
0.0017735
0.00223054
0.00247417
0.00284598
0.00305619
0.00315294
0.00295886
0.0030647
0.00287786
0.00335508
0.00328604
-0.00344386
-0.00321763
0.00312849
-0.00211484
-0.00281854
-0.00282199
-0.00250853
-0.00220122
-0.00165185
-0.00171315
-0.00186114
0.00273218
0.00264987
0.00280106
0.00317073
0.00331835
0.00303434
0.00305439
0.00341148
0.00357639
0.00354572
0.00337239
0.00360874
0.00415812
0.00435651
0.00448699
0.00577669
0.00608084
0.00648696
0.00675179
